tokenId
2038716127357126062981702872876062651102993375082535651119543758512583502310
6537660280096316201401408715901694313890178283754801148499115076392183254340
7061451856014225151364463806619488703375176658352958083613943392795901244563
7662629660808810027410531994323681443092048335891176347950032122081745813163
7709376736894883920677816058161024080167364930228045324353099900689555148896
7917752980423854257538951250531947171278103368416399085906858451943081016422
8643218726555670586949135909304442709539348194799348171507243263454405946030
10074803998790193882231315991415676610785627093638131764268405350289244740380
11238942808126863421436652427316207258708805874120023525037400070557912865494
11704671005735439463950973941874644084868982216748564838713575829882117304344
12182460908268314085490207357963067193240039848346484187158411896144899073584
13167306893288006214970094453048945675914926430420685613797164197766858803339
13420149870109428566695656036741721551576387574644950935000348733235574194210
13448241080980115551144410838781944883148432034654728809269802840469455419974
14032825338281643781772358844267536637889018970846850250217245980291491165810
15808002973374152833360738966922045988337161546855488072527165480586492219681
16477630675466803817428027546544449055284272652912010622425935220879517791958
17292464140042949475930706968130229049096333978700120665536192649569581252879
20191115362188848747548275137735379250737394646509934749656271178550018265641
20764626275581299689587439294057823695037498379981242764259246051837451220338
21687872143826710044800936345510090102602512067660339992315006115799510857514
22530890622785959455772875540788009293423043448266150319266164904529831107369
22746149860715234754475657989796110820775171924397780645702806016991199619946
23555165442546669782150587099246722167081958748314657194680584384234371275978
26607859547974638855715690131925941422960391618952854925261252883357000107354
27298218387329679205885422337908485565851129010810999865303480759371508774907
28138658232345186669621281169234363626138225982085457421987496970531151259442
28484195311501240627735367909930717698775269845017532288276964387987540457273
30996983934391338242845588325377734013946856799637684631917545000907182022460
31300913202906537997179051923464049413661217636941707832910909832032523362449
33780058645989022136761191239105394178471203142488717226339841573911523327126
34302071862256045220325301871519607025390487659222641345363079290932561710558
35378684536242838830889042050740709805258236445926550022388789870167794898596
36276150523985473581876032073919734069202315780743007376375639349567762878753
36401554111361889945293770882482513054957279775782500302403133327663483373306
40986277315389452790525638992056951955014239438904289855227819509568684568331
41155193249251341444408234336373873057191582754519382588485826753634023895083
45702363895162425954583852091409287745235220759776755403110285072467676658145
48866095739328996444226921351610586850854616070060073814257571340998617199536
49240198130190626126447286418625368499371258892696229807313310414687671817084
50639365819957314367673387905268958010714552270172922904539065752977401922635
53482219612205354382351980883920001841188676822649707993185619249577362044462
55849396101903733577249383504672870265144300175665843488854410094826026863578
62044513512202372454954378369724379604252892586293248576794936003043337275098
64150010532482100920222552838871919670413070420566250349116053647676413145386
65148637528151613607023312985039846771753800252848855111440760041039506200966
67972125421304556588791288900043646204472352300724337169921705963012621753214
68253395820325433529625882398368359834348912843729115645175096110745295052495
69700888787561022310932619268078716635035364185689174343837727187032999144829
70309749886331736727522071611220055297865045518222249108429442709081012704340
70851010476283841461741701450679220688045049973269015620296174345419368757905
71426705291796328475096418545237837739785411889410347495031412587917189283500
71753657384622240628650807940936502412810983498950671656717423819725020378930
76754723006344779009578387647831267386579255869101515584726405729330480781176
78460089724288009420517168956679163011952764624778861008964580696312369604495
82975368603755831006007010709186065727122548738555775076066150500625427524492
83973320373619498451314658559891941570459917771408861303525823236512413172377
84821188990681294285820592285961862013783203042966347327307047019277887295762
84960279928674979841012090697965302200524744186686257386264631402412961051404
88341398840433826777126978865748104859527090112395120031523763063542815023247
89243747002560022047955976584943233487141011864030462111105526154098898228655
89929449024255543384433009674520022221879999135939638123930124754981019555776
90751117774793868817432120689828306901801996660537889025505233990272746082187
93376215248060573096039076057240385610644519047949765889835916851527390725195
96300957907656775650307833517653344611401410858456154332262659438836838285719
96747815394648003396110127514546854500038460048854157937527744225320090641645
97684534038905641504181304283886556656669774640101685869462480172715070043522
99047670027434319987990369446455570744950999631619811855189671185510793564329
99313481318774810936339009884629871096842049129590721832020756675122181532743
99467504089471850854755588300546416222870312374042011480760520941808628334807
100116378703489371871696012938121834962707038018428004225630041792767541119404
101007248819120513958899903992756394077213163393257628645397910844909141821884
103506057215481917189526199517935526621885256964663835285691231224566797254491
104239154682672342180934236215524082685392000111947194234234641474774496136240
106392639522980784894821542006005866998226801984875331472170020312427007270112
108699169505062491413390987205387773100354218669992298093306334401469889690374
109636415641476455089734735894977072455975435431929792077551860831606451231619
111007156228219970167443962406753488754546955286147138372738843398712573198991
111727546207608507508471051252546221897385499597073031332586445769694264137426
112521932100026516698132070551253533310221269563101892934696483777945584875035
112939537305895089510503248776722211099608557371631410543979916697575838760521
114295945868413641206847279735616331437395462206821053630106548548119922160478
114297627320775865862513978522739290420072284342441521705297753250725608443234
114475012099882667202690367320081201536458270611225580351868105337946661286382
115741308534864933810538541460352971425990782808184958053759349431249533269793